candidates 15319
100 6197324 1
200 11354395 4
300 15363745 16
400 19548396 77
500 24789532 110
600 29370733 149
700 33740743 176
800 37838809 200
900 42678117 240
1000 47805388 267
1100 52111702 314
1200 56774311 363
1300 61662763 402
1400 66940992 447
1500 71972363 496
1600 77261889 528
1700 81894825 563
1800 86549223 612
1900 91399717 648
2000 96909869 690
2100 101460614 730
2200 107051770 770
2300 111640652 814
2400 117238465 849
2500 122570130 886
2600 127185185 916
2700 132569363 975
2800 137591057 1014
2900 145208280 1050
3000 151096283 1080
3100 156783381 1114
3200 162120891 1162
3300 167652104 1173
3400 173718004 1223
3500 178910755 1273
3600 184730996 1302
3700 190865216 1358
3800 197759059 1393
{
 "books": 3848,
 "tokens": 200184725,
 "failed": 1418,
 "budget": 200000000
}
